objective=8321
profit=29859
length=21538
count=139
cycle:
181
103
146
22
159
193
41
96
115
198
46
68
163
69
108
67
36
140
93
117
170
0
153
183
89
76
23
186
114
64
15
61
9
62
144
155
102
49
178
3
32
138
8
185
40
119
165
39
95
7
164
58
71
27
107
90
174
187
81
196
169
91
179
145
78
168
157
188
85
31
13
56
113
171
88
16
25
44
120
82
2
87
125
74
152
97
1
150
101
26
100
19
189
99
121
182
136
53
158
180
173
6
194
161
162
72
109
51
66
141
60
118
59
65
116
105
77
131
149
24
29
156
126
112
4
190
10
177
104
147
54
30
48
184
11
166
28
160
192
