objective=7665
profit=31613
length=23948
count=154
cycle:
25
16
88
171
113
56
13
31
78
145
179
91
168
157
17
196
169
174
81
187
90
107
27
71
58
164
7
95
39
165
119
40
185
8
138
32
49
102
155
144
61
62
9
15
64
114
83
23
76
89
183
153
0
170
117
93
140
36
163
67
108
69
18
199
159
22
146
103
195
193
41
191
139
110
68
46
198
115
96
5
42
192
160
48
30
54
147
104
184
28
166
11
84
4
112
126
156
29
24
149
131
77
105
116
65
59
118
60
141
66
51
109
72
162
161
194
6
173
180
158
53
136
182
121
99
100
26
97
101
150
1
87
125
74
152
19
189
94
130
12
124
111
167
128
3
178
106
52
55
57
92
82
120
44
