objective=7974
profit=29981
length=22007
count=143
cycle:
36
140
93
117
0
170
143
183
89
76
23
186
114
64
15
61
9
62
102
49
144
155
14
138
32
3
178
106
185
40
119
8
165
39
27
107
90
174
187
81
196
169
91
179
145
78
168
157
31
85
188
56
13
171
88
16
25
44
120
82
2
87
125
74
1
150
101
100
26
97
152
167
111
124
12
130
94
19
189
99
121
182
136
53
158
180
173
6
194
161
162
72
59
118
109
51
66
141
60
46
198
115
116
105
65
47
77
166
28
184
11
35
126
29
156
112
4
190
10
177
104
147
54
30
48
160
192
42
5
96
41
193
159
195
103
146
22
199
18
69
108
67
163
