objective=8319
profit=28497
length=20178
count=133
cycle:
193
41
96
5
116
65
47
105
77
166
11
184
28
192
160
48
30
54
147
104
177
10
190
4
112
126
156
29
127
194
6
173
180
158
53
136
182
121
99
189
19
100
26
101
150
1
97
152
74
125
87
2
82
120
44
25
16
88
171
113
56
13
31
85
188
157
168
78
145
179
91
169
196
81
187
174
90
107
27
71
58
164
7
95
39
165
119
40
185
8
138
32
49
102
155
144
61
62
9
33
37
148
167
111
124
94
130
12
176
66
141
51
109
72
59
118
60
46
68
93
140
36
163
67
108
69
18
20
22
146
103
195
159
