objective=8431
profit=30691
length=22260
count=145
cycle:
53
136
182
63
94
130
12
124
19
189
99
121
100
26
101
150
1
97
152
74
125
87
2
82
120
44
25
16
88
171
113
56
13
31
85
188
157
168
78
145
179
91
169
196
81
187
174
90
107
27
71
58
164
7
95
39
165
119
40
185
8
138
32
3
178
49
102
155
144
62
9
61
15
64
114
186
23
76
89
183
153
0
170
117
93
140
36
67
108
69
163
68
46
198
115
96
41
193
159
22
146
103
181
192
160
48
30
54
147
104
177
10
190
4
112
156
29
126
35
11
184
28
166
77
105
116
65
47
131
149
59
118
60
141
66
51
109
72
162
161
194
6
173
180
158
