objective=6821
profit=29933
length=23112
count=143
cycle:
196
81
187
174
169
40
119
185
8
165
39
90
107
27
71
58
164
7
21
132
144
155
14
138
32
3
178
49
102
62
9
61
15
64
114
186
23
76
89
183
143
170
0
46
198
139
191
110
68
93
140
36
163
67
108
69
18
199
159
193
41
96
5
42
192
160
48
30
54
147
104
177
10
190
4
112
126
156
29
24
149
131
11
184
28
166
77
105
47
65
116
59
118
72
51
109
60
141
66
176
80
63
182
136
180
158
53
121
99
189
19
94
130
12
124
111
167
74
152
97
26
100
101
150
1
87
2
120
82
92
179
91
145
44
25
78
168
31
13
56
188
157
17
