objective=8086
profit=30299
length=22213
count=143
cycle:
69
108
67
36
140
93
68
46
198
115
60
118
59
72
109
51
141
66
176
137
23
83
114
64
15
61
9
62
144
155
102
49
138
32
3
178
106
185
40
119
8
165
39
95
7
164
58
71
27
107
90
187
81
174
169
196
17
157
188
85
31
13
56
113
171
88
16
78
168
145
91
179
92
82
44
120
2
87
125
74
152
124
12
130
94
189
19
97
1
150
101
26
100
99
121
182
136
53
158
180
173
6
194
161
24
149
131
47
65
116
105
77
166
28
184
11
84
112
126
29
156
4
190
10
177
104
147
54
30
48
160
192
181
103
146
22
159
193
41
191
139
110
163
