objective=7873
profit=31466
length=23593
count=150
cycle:
83
23
76
89
183
143
170
0
46
68
93
140
36
67
108
69
163
110
191
139
198
115
96
41
193
159
22
146
103
181
192
160
48
30
54
147
104
184
28
166
11
84
4
112
126
156
29
24
149
131
77
105
116
65
59
118
60
141
66
51
109
72
162
161
194
6
173
180
158
53
136
182
63
130
12
124
94
19
189
99
121
100
26
101
150
1
97
152
74
125
87
2
82
120
44
25
78
31
13
16
88
171
113
56
188
157
168
145
179
91
196
169
174
81
187
90
107
27
71
58
164
7
95
39
165
119
40
185
8
138
178
3
32
14
155
144
102
49
128
167
111
148
37
33
9
62
61
15
64
114
