objective=6934
profit=32915
length=25981
count=165
cycle:
109
72
59
118
60
46
68
110
139
191
41
193
159
195
103
146
22
20
18
69
108
67
163
36
140
93
117
170
0
153
183
89
76
23
186
114
64
15
33
37
148
111
167
128
9
62
61
102
49
155
144
132
21
7
164
58
71
27
107
90
39
165
119
40
185
8
138
32
3
178
106
52
55
179
91
196
169
174
187
81
17
157
31
13
85
188
56
113
171
88
16
168
145
78
25
44
120
82
2
87
125
74
152
124
12
130
94
189
19
97
1
101
150
26
100
99
121
182
136
53
158
180
173
6
194
127
29
156
126
112
4
84
11
166
28
184
190
10
177
104
147
54
30
48
160
192
42
5
96
116
65
47
105
77
131
149
24
161
162
133
80
176
66
141
51
