objective=19369
profit=43484
length=24115
count=159
cycle:
150
192
85
2
74
118
98
51
120
67
71
191
125
90
178
10
133
44
17
100
63
96
32
102
38
27
16
197
1
24
156
42
30
198
117
193
31
164
73
54
151
19
112
121
116
158
25
123
177
5
45
136
105
190
80
46
162
142
175
78
7
61
79
91
141
97
77
58
82
87
171
157
182
138
33
160
144
56
104
8
68
111
41
14
81
153
186
163
103
89
165
127
137
114
26
180
176
88
194
166
86
110
128
124
62
18
55
174
95
185
22
179
52
172
57
66
94
154
47
148
60
23
20
59
28
101
149
4
199
140
53
184
155
167
189
69
109
35
0
12
39
29
49
11
139
168
195
126
13
145
15
3
70
161
132
169
65
188
6
