objective=19879
profit=43606
length=23727
count=156
cycle:
29
12
0
35
109
69
189
167
155
184
53
4
149
101
28
59
20
148
47
154
94
66
57
172
52
179
22
185
95
9
199
140
183
174
55
18
62
124
128
110
86
166
194
88
176
180
26
103
89
127
165
163
186
153
119
159
143
41
111
68
8
56
104
87
82
58
77
97
141
91
79
61
7
5
45
142
78
175
162
46
80
190
105
136
73
164
193
31
54
151
117
198
30
42
156
24
1
197
16
27
38
102
63
100
17
44
133
10
178
115
147
192
150
6
188
65
169
132
13
161
70
3
15
145
195
126
43
2
85
98
51
120
67
71
191
90
125
131
19
112
121
116
158
25
123
177
171
157
138
182
139
11
49
33
160
39
