objective=19310
profit=44071
length=24761
count=157
cycle:
55
174
95
185
22
179
52
172
57
66
94
154
47
148
60
23
20
59
199
28
101
149
4
140
53
184
167
189
155
84
70
161
3
15
145
13
126
132
169
65
188
6
150
192
147
115
178
10
133
44
17
100
63
102
38
27
16
197
1
24
156
42
30
198
117
151
54
31
193
164
73
136
105
190
80
46
162
45
142
175
78
5
123
177
7
61
79
91
141
97
77
58
87
82
68
8
104
171
157
138
182
25
158
19
112
121
131
125
90
191
71
67
120
51
98
85
2
139
11
49
33
56
144
160
39
29
12
0
109
35
37
111
41
143
159
119
153
186
163
165
127
137
114
89
103
26
180
176
88
194
166
86
110
128
124
62
18
