objective=19886
profit=44091
length=24205
count=162
cycle:
142
45
162
46
80
190
105
136
73
164
193
31
54
151
117
198
30
42
156
24
1
197
16
27
38
102
63
100
17
44
133
10
178
191
90
125
131
19
112
121
116
158
25
123
177
171
157
138
182
11
139
2
85
74
118
98
51
120
67
71
147
192
150
6
188
65
169
132
13
126
195
145
15
3
161
70
84
155
184
167
189
69
109
35
0
12
29
39
160
49
33
144
56
104
8
87
82
68
111
41
119
159
143
106
124
128
62
18
55
174
183
140
199
4
149
101
28
59
20
23
60
148
47
154
94
66
57
172
52
179
22
185
95
110
86
166
194
88
176
180
26
103
89
127
165
163
186
153
81
14
50
58
77
97
141
91
79
61
7
5
78
175
