objective=19854
profit=42678
length=22824
count=153
cycle:
180
26
103
89
127
165
163
186
153
81
77
58
82
87
91
79
61
7
177
171
25
123
5
45
142
78
175
162
46
80
190
105
136
73
164
193
31
54
151
117
198
30
42
156
24
1
197
16
27
38
102
32
96
63
100
17
44
133
10
178
191
90
125
131
19
112
121
116
98
51
120
67
71
147
192
150
6
188
65
169
132
126
13
145
15
161
70
3
84
155
184
167
189
69
109
35
0
12
39
29
49
11
139
182
138
33
160
144
56
104
8
68
111
41
119
159
143
106
124
128
110
62
18
55
174
183
140
199
4
149
101
28
59
20
23
60
148
47
154
94
66
57
172
52
179
22
185
95
86
166
194
88
176
