150;0;1990;845;779;1364;1361;1057;1259;522;1328;1816;479;59;713;578;711;2141;2168;720;1469;1638;796;1375;1856;1965;988;1265;2258;1473;108;1917;1724;2023;367;648;67;1180;242;2182;119;2378;405;2157;707;1914;1497;1741;1705;1631;345;588;1272;1542;973;1709;744;453;1750;726;1550;1851;1104;718;2240;1018;992;1695;1332;465;351;902;1371;2139;1668;960;1793;1613;810;1492;1085;1895;675;643;777;897;952;1142;750;1206;1290;1527;1055;2219;1942;1718;1129;2100;930;1149;1346;2219;1474;2128;1266;517;1812;690;2302;2384;52;963;365;1421;1245;1455;1672;1259;1818;1052;643;1327;1405;1869;1112;693;1468;707;1360;833;955;1223;1694;801;1858;916;1982;1664;1601;550;590;1191;1109;1492;497;352;642;1090;1361;1645;1415;1208;1664;921;881;1732;763;2004;643;1141;527;294;875;1715;1148;1710;1325;1334;578;606;892;775;801;1603;1454;951;1524;1155;1067;1694;1501;1160;967;656;1123;778;1276;971;1214;983;559;1874;1488;1247;1786;1296;629;2149;2014;1876;1340
180;1990;0;1312;2112;3249;1083;1527;1327;1675;3302;1063;1540;1934;1840;2103;2049;169;1011;2709;533;3587;1592;3363;3813;116;1031;3035;280;3382;1904;312;481;513;1626;2615;2052;1592;2062;258;1871;1099;2084;304;1524;940;1009;1028;3691;3524;1651;2003;887;3508;2817;465;2726;1633;3730;1879;3489;3816;1620;2707;645;2939;1743;3685;979;1768;2178;2077;991;948;545;1105;3534;3440;2074;1145;1648;874;2206;1757;2767;2374;1254;3107;1631;3067;2980;807;1729;482;3759;3707;3118;581;2174;957;3336;893;3380;484;3007;1565;687;2628;1043;830;2026;2936;1908;569;3067;3205;1112;758;355;1007;2461;955;603;698;1075;2659;748;1756;3033;2808;2733;3213;397;1826;967;1327;473;721;3256;1440;1466;3129;1999;1097;2425;1714;1973;2476;1269;3624;3303;1460;397;2786;2485;3722;2397;180;1413;849;2433;1708;2022;1005;2848;512;2947;3249;2316;1730;1741;2670;1338;3574;687;2914;1144;3013;1250;1003;3479;3008;2957;1336;3085;2515;3259;2619;2659;1693;2258;828;866;1385;469;3168;1785;476;25;280;3287
391;845;1312;0;807;1950;1186;400;1248;873;2049;974;386;806;534;1250;739;1435;1323;1503;881;2307;1034;2168;2536;1326;621;2092;1549;2087;738;1349;1221;1220;581;1375;911;1349;1024;1451;745;1533;1133;1550;212;1070;1273;1504;2450;2476;529;1192;463;2367;1516;1195;1502;751;2559;1200;2205;2545;1307;1523;1427;1862;533;2470;490;921;912;795;527;1295;1190;221;2622;2455;1380;1346;1309;1564;1369;1048;1563;1068;108;1973;1028;2049;2097;696;1338;1433;2784;2485;1918;1289;1514;360;2132;1379;2084;1335;2087;726;1407;1534;1458;1923;859;1791;979;804;2083;2282;835;563;1264;310;1465;488;716;1040;901;1530;656;449;2165;1663;1777;2007;948;537;1013;104;1186;1280;2406;457;264;1850;1537;1319;1341;759;661;1768;553;2372;2003;484;1096;1490;1636;2499;1085;1384;659;565;1369;663;739;1470;1953;1220;2112;2178;1017;419;486;1387;783;2424;1018;1659;1375;1997;1006;850;2315;2001;1759;372;1824;1207;2087;1750;1929;486;956;1525;651;483;1282;2140;473;1611;1336;1295;2011
307;779;2112;807;0;1222;1869;664;1852;1205;1426;1524;767;799;274;1357;82;2226;1906;1042;1685;1617;1468;1639;1845;2131;1342;1900;2336;1369;718;2155;2018;1949;885;869;809;1853;1018;2231;789;2109;1183;2357;603;1671;1983;2227;1829;2119;784;1363;1234;1902;807;1994;1005;1088;2038;1480;1509;1866;1787;1102;2131;1544;462;1889;1191;1185;508;146;1204;1899;1981;1026;2399;2171;1586;2024;1775;2323;1451;1368;1097;262;859;1559;1435;1778;1967;1407;1766;2173;2482;1892;1407;2002;1708;1156;1592;2009;1363;2070;1919;1120;2185;1260;2043;2720;743;1386;1129;1610;1845;2084;1369;1370;2068;1118;1340;1204;1522;1729;1580;1203;1407;358;2039;1281;1625;1474;1734;295;1605;785;1925;2049;2267;947;752;1185;1867;2008;1136;1017;176;1860;1033;1735;1274;806;1901;803;1630;1905;338;2190;1167;1357;1183;892;156;2195;1834;2015;2026;1824;399;413;407;757;1342;1942;1794;1067;2055;1736;1618;1438;1822;1749;1271;967;1202;490;1601;1697;1970;494;349;2289;1349;881;2080;1843;348;2416;2136;2101;1342
443;1364;3249;1950;1222;0;2725;1885;2610;1869;420;2746;1728;1423;1463;1699;1259;3381;3128;776;2764;413;2128;763;632;3247;2320;1559;3496;150;1413;3231;3056;3152;1707;741;1323;2489;1447;3401;1471;3330;1558;3458;1740;2893;2861;3105;711;1425;1646;1777;2408;1066;434;3038;711;1816;1066;1968;306;663;2410;845;3343;1143;1682;835;2392;1793;1085;1326;2412;3122;3005;2147;1868;1591;1943;2853;2384;3258;1712;1945;757;992;2027;965;2078;1350;1705;2610;2333;3371;1804;814;694;3210;2006;2310;710;3230;141;3270;1613;1881;3167;1123;3265;3735;1314;917;1651;2701;1449;1675;2591;2491;3135;2245;1382;2402;2647;2941;2474;1023;2595;1537;1760;935;1465;671;2898;1510;2827;1960;3123;3020;1902;1867;1787;244;2287;2855;1208;1715;1312;1968;2255;602;54;2028;2973;464;1688;822;889;3297;2004;2423;1246;1650;1364;3079;1638;3045;1815;1227;934;1534;1628;595;2165;1064;2795;484;2885;1343;2429;2660;955;1367;716;1947;374;748;837;1658;1969;1716;994;3235;2554;2103;3119;1344;1488;3478;3274;3184;249
183;1361;1083;1186;1869;2725;0;1577;247;869;2649;1708;1104;1303;1628;1204;1788;1249;1870;2029;676;2978;656;2615;3186;991;564;2091;1346;2830;1323;834;615;1450;1040;1997;1402;517;1310;1340;1258;2029;1258;1069;1321;1680;142;380;2992;2623;1124;1098;1114;2689;2329;624;2070;909;2932;925;2897;3172;558;1998;1653;2097;1715;2946;1281;957;1672;1911;1328;1812;546;1008;2549;2500;1092;161;591;554;1280;855;2076;2096;1220;2305;707;2168;2005;1296;676;1528;2800;2978;2392;1541;1163;1048;2601;1815;2832;1489;2051;845;542;1830;1957;1087;1411;2159;1110;724;2146;2240;1652;867;748;978;1604;1251;857;1479;291;1892;1180;1553;2048;2043;1818;2489;1076;1668;1665;1274;1397;414;2253;926;1123;2543;939;139;1645;1010;1694;1458;1566;2949;2775;1620;694;2280;1530;2993;2031;981;734;709;1635;1082;1859;354;1888;586;1952;2380;1879;1466;1654;2135;562;2760;415;2294;190;2117;299;1585;2685;2106;2241;904;2462;2095;2488;1663;1637;1670;1838;544;1315;1584;651;2271;1532;963;1101;830;2685
106;1057;1527;400;664;1885;1577;0;1647;1226;2064;865;697;1037;441;1556;629;1620;1247;1596;1187;2275;1417;2241;2504;1567;1014;2319;1723;2032;952;1630;1537;1300;900;1441;1117;1745;1278;1610;988;1452;1415;1800;375;1008;1657;1880;2469;2639;819;1515;646;2476;1464;1509;1577;1099;2641;1553;2168;2523;1700;1636;1473;2032;221;2516;557;1258;987;582;560;1237;1519;575;2845;2650;1719;1738;1701;1919;1672;1406;1656;912;359;2101;1405;2243;2347;764;1725;1526;2975;2523;1997;1347;1854;613;2198;1345;2025;1422;2323;1088;1747;1713;1384;2227;1052;1919;1284;1104;2291;2509;710;851;1556;630;1700;577;982;1071;1297;1686;787;390;2417;1799;2012;2075;1133;377;943;304;1280;1632;2658;824;588;1835;1909;1708;1539;1082;594;2085;371;2380;1937;158;1393;1454;1919;2536;997;1633;1044;915;1576;965;533;1845;2205;1542;2378;2338;1002;462;257;1385;1179;2525;1370;1687;1765;2194;1406;775;2409;2202;1846;759;1836;1144;2182;2020;2234;176;940;1877;703;222;1595;2324;466;1893;1549;1572;1993
298;1259;1327;1248;1852;2610;247;1647;0;742;2501;1883;1088;1204;1632;1014;1770;1493;2074;1885;892;2837;487;2442;3038;1237;653;1870;1591;2706;1240;1080;862;1674;981;1872;1291;270;1169;1583;1169;2241;1092;1315;1349;1871;362;545;2828;2410;1076;910;1262;2497;2231;870;1933;812;2744;725;2762;3021;317;1847;1882;1906;1759;2772;1425;818;1592;1912;1475;2017;792;1101;2317;2279;873;276;351;754;1077;683;1929;2060;1301;2121;539;1960;1777;1470;437;1763;2573;2807;2228;1765;932;1177;2432;2029;2709;1720;1828;758;777;1656;2167;1299;1311;1985;965;928;1932;2013;1813;1029;995;1092;1417;1397;1048;1683;377;1726;1355;1564;1818;1874;1609;2324;1292;1683;1850;1345;1620;657;2017;908;1133;2415;695;301;1482;909;1676;1222;1688;2792;2659;1712;934;2179;1312;2821;1975;1228;685;852;1466;1004;1862;530;1665;833;1719;2178;1810;1466;1687;2030;510;2569;648;2161;302;1910;243;1755;2500;1898;2083;918;2326;2022;2312;1443;1399;1717;1775;755;1481;1685;898;2063;1530;1203;1345;1076;2550
479;522;1675;873;1205;1869;869;1226;742;0;1780;1788;533;470;1042;438;1126;1839;2088;1159;1143;2109;276;1758;2316;1626;648;1368;1954;1968;519;1537;1325;1831;341;1133;550;664;441;1900;445;2289;414;1786;857;1844;1010;1246;2127;1850;440;350;1157;1859;1491;1317;1201;129;2094;328;2029;2303;592;1130;2055;1276;1254;2088;1275;95;866;1297;1323;2046;1261;862;1881;1768;510;987;576;1419;552;180;1207;1377;970;1464;234;1392;1329;1421;561;1994;2090;2119;1528;1918;643;1032;1741;2102;1970;1918;1345;149;1365;982;2211;1935;574;1307;247;1120;1394;1544;1668;1041;1438;922;789;1258;1156;1735;661;1033;1331;996;1389;1186;1060;1625;1458;1115;1800;974;1782;1218;1624;415;638;1678;691;993;787;190;1038;912;1421;2082;1918;1345;1304;1438;836;2133;1266;1649;277;872;784;314;1255;1222;1191;1305;1316;1579;1090;884;1162;1289;348;1928;1049;1427;1019;1338;571;1655;1844;1333;1375;516;1594;1296;1637;966;1084;1226;1062;1404;1401;1353;1383;1494;938;1742;1698;1507;1818
240;1328;3302;2049;1426;420;2649;2064;2501;1780;0;2927;1763;1387;1624;1521;1441;3446;3307;620;2791;347;2014;343;537;3285;2316;1193;3563;364;1403;3244;3052;3269;1693;687;1272;2344;1339;3478;1445;3514;1412;3482;1850;3061;2790;3025;406;1007;1654;1614;2511;646;641;3037;585;1755;669;1810;304;524;2264;655;3473;804;1882;471;2522;1693;1137;1553;2549;3292;2995;2222;1458;1181;1745;2762;2234;3198;1506;1819;573;1242;2140;591;1962;979;1348;2737;2172;3480;1384;468;335;3336;1782;2400;291;3393;378;3383;1252;1825;3131;884;3444;3703;1286;600;1541;2738;1078;1288;2772;2553;3145;2320;1152;2527;2705;3078;2425;795;2705;1686;1396;666;1157;276;2978;1688;2998;2079;3235;2983;1516;1872;1845;261;2082;2770;1027;1656;1470;1691;2433;324;419;2217;2990;629;1421;480;1093;3327;1964;2456;1051;1621;1580;3002;1302;3037;1464;827;1062;1655;1811;678;2108;647;2781;390;2792;981;2350;2828;536;1006;433;1968;228;939;431;1365;1662;1908;1125;3181;2686;2285;3114;956;1623;3477;3327;3202;172
162;1816;1063;974;1524;2746;1708;865;1883;1788;2927;0;1358;1779;1303;2200;1494;1068;382;2436;1063;3139;1872;3092;3368;1156;1269;3066;1134;2894;1708;1309;1343;615;1544;2290;1882;2080;1997;1009;1719;587;2099;1366;1122;170;1718;1863;3333;3444;1501;2131;646;3313;2328;1313;2424;1682;3490;2099;3032;3388;2067;2467;700;2830;1064;3375;513;1854;1827;1426;465;380;1365;926;3596;3428;2295;1842;2081;1798;2320;1946;2496;1761;866;2927;1884;3022;3066;413;2136;819;3757;3384;2845;613;2424;763;3051;498;2887;723;3059;1640;1595;2503;519;1891;1826;2744;1936;996;3057;3255;155;854;1284;872;2439;531;853;373;1511;2493;528;1243;3133;2618;2750;2927;732;1242;110;901;628;1543;3374;1389;1237;2700;2379;1798;2313;1711;1457;2700;494;3244;2798;718;1176;2319;2595;3397;1860;1231;1527;1037;2342;1629;1384;1830;2923;1363;3076;3144;1865;1289;1121;2249;1579;3366;1335;2547;1859;2970;1685;134;3252;2974;2690;1277;2700;2009;3024;2714;2870;1030;1802;1749;406;644;1376;3112;1311;1532;1075;1253;2859
431;479;1540;386;767;1728;1104;697;1088;533;1763;1358;0;432;547;871;685;1684;1699;1179;1038;2049;751;1842;2275;1527;605;1708;1801;1854;378;1503;1331;1545;204;1076;546;1116;639;1719;369;1908;748;1733;325;1446;1222;1469;2154;2105;144;822;794;2020;1302;1312;1190;404;2224;857;1953;2276;1059;1187;1762;1493;725;2156;861;561;644;824;903;1667;1283;482;2238;2075;1022;1258;1053;1582;990;712;1238;992;494;1620;730;1671;1711;1051;1062;1743;2405;2176;1594;1622;1157;670;1811;1744;1853;1652;1701;403;1463;1166;1831;2021;503;1440;599;979;1701;1897;1221;792;1407;575;1081;853;943;1391;818;1172;989;485;1778;1311;1392;1686;1224;607;1392;474;1505;1320;2020;181;123;1592;1222;1244;968;386;591;1396;933;2085;1781;825;1245;1264;1252;2191;941;1573;407;698;992;279;775;1438;1567;1322;1726;1810;814;381;636;1138;578;2080;1079;1374;1289;1619;852;1231;1976;1621;1433;222;1545;1027;1750;1365;1552;695;763;1552;1014;843;1394;1764;444;1751;1565;1457;1749
281;59;1934;806;799;1423;1303;1037;1204;470;1387;1779;432;0;712;564;728;2085;2128;778;1412;1698;745;1430;1915;1908;929;1293;2203;1532;89;1858;1665;1974;309;708;119;1131;244;2128;64;2337;398;2099;678;1874;1439;1683;1763;1673;295;564;1226;1592;1029;1651;802;395;1803;691;1610;1910;1056;773;2192;1061;984;1751;1291;418;397;916;1331;2097;1609;913;1823;1649;787;1435;1037;1836;667;599;834;931;913;1191;701;1243;1312;1483;1011;2168;1978;1775;1184;2052;910;1101;1402;2176;1533;2078;1292;458;1753;733;2261;2324;109;1014;332;1365;1278;1484;1637;1206;1759;1003;668;1284;1351;1824;1053;741;1421;699;1381;884;981;1279;1641;798;1819;881;1932;1605;1623;494;547;1250;1076;1435;536;296;653;1085;1331;1703;1474;1185;1606;978;889;1789;805;1946;584;1085;563;234;886;1656;1169;1651;1341;1378;622;594;884;833;742;1654;1395;1010;1467;1191;1009;1656;1553;1195;1023;601;1182;826;1329;985;1216;972;600;1814;1445;1221;1727;1334;623;2090;1958;1818;1399
233;713;1840;534;274;1463;1628;441;1632;1042;1624;1303;547;712;0;1272;211;1955;1683;1163;1413;1844;1287;1801;2074;1858;1087;1937;2066;1607;623;1882;1748;1691;703;1003;761;1661;953;1962;681;1890;1109;2084;332;1440;1736;1978;2030;2220;602;1258;964;2042;1035;1723;1140;916;2201;1344;1738;2090;1600;1208;1880;1621;295;2074;931;1041;560;283;949;1671;1713;753;2455;2246;1477;1786;1592;2064;1379;1216;1222;535;586;1673;1260;1842;1983;1149;1594;1913;2567;2082;1558;1748;1607;883;1757;1775;1601;1811;1948;934;1920;1311;1821;2450;692;1493;1018;1337;1898;2126;1148;1097;1796;844;1338;943;1248;1478;1338;1274;1142;85;2054;1376;1641;1635;1464;89;1376;514;1665;1787;2291;724;505;1398;1727;1767;1155;862;154;1797;809;1941;1516;597;1628;1020;1594;2095;576;1916;954;1087;1196;733;231;1945;1844;1745;2027;1920;562;166;201;945;1124;2089;1529;1246;1817;1795;1393;1206;1972;1805;1410;724;1396;715;1745;1680;1926;302;499;2028;1092;663;1809;1918;104;2143;1863;1828;1558
80;578;2103;1250;1357;1699;1204;1556;1014;438;1521;2200;871;564;1272;0;1289;2268;2514;930;1573;1865;550;1431;2053;2047;1083;933;2383;1771;651;1946;1728;2268;669;970;553;826;343;2333;592;2717;177;2195;1182;2266;1344;1557;1823;1434;738;106;1582;1485;1389;1723;990;522;1730;293;1801;2030;747;874;2492;894;1534;1760;1689;354;896;1479;1736;2474;1661;1277;1443;1338;254;1287;716;1756;120;356;962;1459;1354;1107;500;975;891;1848;651;2431;1657;1796;1227;2355;357;1456;1424;2533;1777;2355;908;575;1734;649;2639;2291;615;975;272;1554;967;1108;2073;1478;1847;1346;402;1674;1593;2167;1054;728;1762;1252;952;871;632;1322;1896;1357;2219;1344;2220;1592;1188;812;992;1478;593;1306;498;492;1217;530;1802;1795;1743;1692;1723;1329;400;1810;1306;2066;715;1310;470;593;1450;1539;753;1706;882;1178;1113;1142;1434;1178;765;1557;1455;1221;1315;922;921;2069;1486;914;1092;925;1372;1284;1299;528;681;1516;1110;1748;1824;1714;1782;1078;1179;2134;2126;1920;1595
324;711;2049;739;82;1259;1788;629;1770;1126;1441;1494;685;728;211;1289;0;2165;1876;1025;1614;1646;1388;1639;1875;2065;1263;1860;2276;1404;645;2084;1944;1900;803;855;744;1772;952;2173;715;2080;1116;2289;531;1637;1902;2147;1846;2098;703;1291;1175;1894;835;1920;993;1008;2039;1404;1539;1894;1706;1080;2086;1514;442;1899;1140;1108;462;192;1156;1866;1906;956;2365;2142;1514;1943;1695;2245;1385;1289;1082;330;796;1541;1355;1745;1922;1357;1687;2122;2457;1904;1403;1955;1638;1092;1593;1973;1398;2020;1877;1039;2108;1222;2013;2646;677;1366;1056;1539;1810;2046;1339;1302;1997;1049;1289;1152;1455;1684;1499;1171;1352;293;1993;1256;1579;1474;1674;252;1571;724;1874;1971;2224;865;673;1207;1791;1927;1089;938;94;1797;1000;1754;1311;778;1829;825;1572;1917;370;2123;1084;1283;1134;812;178;2115;1787;1940;1977;1801;391;336;373;765;1260;1937;1717;1073;1974;1702;1536;1403;1817;1714;1262;887;1215;515;1595;1643;1911;468;333;2211;1300;850;2006;1814;272;2345;2072;2031;1365
301;2141;169;1435;2226;3381;1249;1620;1493;1839;3446;1068;1684;2085;1955;2268;2165;0;955;2858;696;3726;1761;3515;3953;261;1193;3202;118;3516;2052;449;641;470;1779;2760;2204;1759;2220;106;2022;1013;2247;343;1647;927;1170;1173;3837;3687;1800;2169;992;3666;2948;627;2873;1794;3885;2047;3627;3957;1788;2859;545;3100;1838;3835;1064;1931;2317;2182;1068;894;707;1235;3702;3606;2243;1305;1817;1005;2373;1924;2916;2488;1369;3264;1799;3230;3147;872;1898;368;3925;3857;3269;516;2343;1076;3487;820;3513;403;3174;1726;828;2786;966;875;2175;3092;2070;726;3232;3372;1139;894;510;1136;2624;1042;741;695;1245;2815;833;1872;3201;2963;2898;3363;492;1935;965;1441;444;877;3424;1592;1604;3267;2167;1257;2583;1873;2093;2645;1335;3769;3435;1539;566;2919;2652;3871;2519;296;1574;1001;2592;1862;2128;1153;3015;671;3116;3410;2447;1854;1844;2806;1504;3730;856;3057;1303;3177;1419;1028;3634;3172;3108;1486;3227;2642;3413;2786;2828;1790;2388;961;934;1461;622;3332;1907;544;149;431;3426
425;2168;1011;1323;1906;3128;1870;1247;2074;2088;3307;382;1699;2128;1683;2514;1876;955;0;2806;1195;3521;2138;3465;3750;1123;1513;3402;984;3276;2061;1306;1400;498;1874;2663;2234;2297;2336;868;2066;211;2426;1292;1487;254;1853;1955;3712;3799;1842;2437;932;3681;2710;1373;2797;1992;3862;2385;3414;3770;2295;2835;450;3185;1446;3752;838;2162;2199;1807;797;64;1440;1239;3931;3774;2585;1986;2314;1848;2633;2235;2867;2143;1217;3291;2156;3370;3393;667;2377;618;4103;3762;3218;440;2710;1058;3425;162;3269;554;3392;1943;1647;2858;138;1828;2182;3108;2257;1148;3400;3590;537;1081;1311;1168;2777;847;1027;391;1720;2852;762;1621;3458;2982;3086;3301;802;1624;312;1260;540;1628;3698;1707;1581;3081;2633;1939;2664;2032;1837;2996;876;3625;3180;1100;1245;2701;2913;3775;2242;1191;1817;1269;2690;1961;1766;1926;3251;1426;3395;3501;2244;1662;1503;2628;1842;3735;1466;2925;1997;3318;1903;482;3623;3320;3062;1591;3079;2390;3394;3036;3171;1412;2182;1799;691;1026;1418;3462;1687;1483;1015;1258;3240
100;720;2709;1503;1042;776;2029;1596;1885;1159;620;2436;1179;778;1163;930;1025;2858;2806;0;2190;952;1398;666;1157;2686;1706;941;2976;842;806;2635;2439;2716;1087;178;661;1739;719;2897;839;3017;802;2876;1321;2555;2169;2405;985;1077;1059;1014;1956;880;557;2425;73;1136;1057;1208;878;1144;1659;84;2927;532;1451;978;1990;1073;610;1187;2023;2785;2381;1654;1391;1144;1169;2143;1630;2578;936;1205;61;960;1602;516;1346;775;1052;2198;1573;2919;1445;999;416;2788;1229;1838;632;2877;847;2825;978;1206;2512;365;2943;3084;683;345;922;2141;858;1105;2284;1971;2536;1750;610;1990;2119;2542;1805;265;2153;1206;1119;257;750;507;2403;1243;2494;1550;2678;2364;1315;1270;1274;549;1513;2151;434;1038;1021;1207;1951;929;817;1754;2384;497;926;1013;773;2724;1347;1860;470;1010;1195;2382;950;2424;1144;785;643;1148;1364;387;1488;930;2166;293;2174;743;1730;2325;817;761;257;1373;444;651;588;916;1231;1465;694;2561;2152;1813;2500;822;1132;2863;2733;2595;669
234;1469;533;881;1685;2764;676;1187;892;1143;2791;1063;1038;1412;1413;1573;1614;696;1195;2190;0;3086;1077;2839;3310;496;499;2507;811;2892;1388;472;351;782;1103;2104;1530;1137;1531;761;1351;1353;1552;695;1083;1014;662;803;3174;2992;1137;1475;572;2978;2335;322;2211;1101;3202;1360;2991;3309;1149;2184;995;2407;1381;3163;725;1236;1682;1675;762;1136;339;661;3010;2910;1559;793;1174;768;1679;1232;2247;1943;854;2577;1112;2534;2455;667;1249;891;3230;3187;2595;874;1665;574;2813;1139;2890;836;2480;1032;577;2097;1280;1045;1508;2407;1375;85;2536;2678;1034;336;383;575;1929;694;229;804;576;2130;556;1328;2510;2280;2202;2691;401;1417;1007;927;729;492;2737;921;980;2629;1517;746;1894;1183;1529;1967;1040;3111;2818;1169;216;2300;1959;3201;1940;536;880;341;1901;1182;1619;770;2322;357;2427;2717;1839;1281;1355;2176;810;3044;275;2406;806;2481;760;951;2950;2476;2435;824;2578;2046;2732;2093;2149;1331;1783;721;702;1109;408;2636;1342;731;556;422;2785
71;1638;3587;2307;1617;413;2978;2275;2837;2109;347;3139;2049;1698;1844;1865;1646;3726;3521;952;3086;0;2350;595;230;3577;2621;1503;3842;267;1705;3545;3359;3521;1999;990;1587;2685;1670;3751;1753;3725;1751;3780;2101;3282;3118;3355;348;1227;1951;1957;2769;845;811;3343;907;2076;759;2152;109;251;2606;994;3718;1135;2078;505;2765;2024;1409;1728;2788;3512;3304;2493;1700;1428;2091;3094;2576;3524;1852;2157;910;1398;2391;909;2298;1288;1662;2982;2516;3737;1578;469;673;3583;2129;2664;559;3618;278;3638;1564;2145;3449;1230;3658;4021;1593;942;1874;3028;1385;1576;2984;2832;3448;2592;1498;2773;2986;3319;2745;1141;2960;1914;1705;1012;1495;598;3249;1898;3217;2327;3490;3301;1800;2171;2122;458;2428;3102;1369;1976;1690;2033;2646;246;371;2422;3289;824;1765;472;1280;3621;2280;2747;1395;1932;1763;3331;1629;3346;1780;1107;1294;1899;2018;921;2430;816;3091;687;3125;1298;2679;3048;737;1322;780;2262;516;1131;721;1705;1997;2110;1357;3505;2929;2495;3422;1250;1858;3784;3611;3502;300
25;796;1592;1034;1468;2128;656;1417;487;276;2014;1872;751;745;1287;550;1388;1761;2138;1398;1077;2350;0;1962;2551;1527;629;1459;1871;2222;795;1411;1190;1823;587;1389;820;389;684;1834;720;2329;607;1659;1064;1904;797;1018;2344;1978;688;444;1226;2033;1760;1187;1446;380;2276;288;2275;2534;319;1360;2045;1442;1474;2293;1366;337;1141;1552;1417;2090;1121;968;1945;1869;482;750;307;1209;634;200;1442;1649;1119;1649;52;1521;1391;1479;311;1961;2179;2327;1744;1913;590;1111;1950;2130;2225;1896;1426;353;1185;1177;2251;1742;848;1506;479;1074;1506;1621;1768;1059;1314;1003;948;1344;1143;1764;520;1242;1377;1233;1442;1392;1173;1841;1437;1354;1868;1138;1771;1044;1664;595;837;1930;511;764;997;462;1297;890;1560;2307;2177;1518;1202;1706;900;2341;1542;1539;375;873;983;579;1508;998;1264;1166;1355;1728;1365;1124;1387;1556;296;2104;922;1675;780;1469;372;1738;2030;1460;1597;662;1839;1571;1834;1035;1072;1441;1337;1200;1470;1514;1242;1624;1183;1588;1614;1389;2064
447;1375;3363;2168;1639;763;2615;2241;2442;1758;343;3092;1842;1430;1801;1431;1639;3515;3465;666;2839;595;1962;0;694;3335;2348;915;3633;700;1466;3274;3071;3381;1738;802;1311;2255;1324;3557;1493;3675;1357;3518;1983;3215;2756;2980;404;664;1718;1533;2622;307;915;3059;669;1758;400;1725;602;651;2177;657;3593;587;2079;331;2654;1665;1266;1776;2686;3446;3009;2319;1122;846;1625;2712;2145;3169;1390;1763;605;1491;2267;348;1910;702;1077;2863;2074;3584;1041;365;250;3454;1638;2504;55;3539;714;3491;977;1829;3123;786;3603;3692;1342;457;1511;2794;796;981;2938;2632;3174;2415;1033;2655;2779;3208;2417;724;2819;1852;1115;572;952;166;3066;1875;3154;2213;3343;2976;1205;1923;1939;575;1945;2726;971;1665;1652;1496;2602;412;762;2398;3027;885;1247;379;1322;3370;1977;2515;980;1657;1795;2960;1057;3053;1196;513;1249;1803;1998;885;2101;320;2795;576;2741;718;2319;2984;201;742;410;2030;483;1173;142;1165;1436;2098;1308;3157;2817;2461;3130;657;1782;3493;3388;3237;516
197;1856;3813;2536;1845;632;3186;2504;3038;2316;537;3368;2275;1915;2074;2053;1875;3953;3750;1157;3310;230;2551;694;0;3802;2842;1606;4069;482;1926;3768;3579;3751;2219;1209;1803;2877;1876;3980;1972;3954;1948;4003;2331;3512;3326;3562;325;1257;2174;2148;2998;882;1040;3564;1118;2289;732;2343;336;65;2797;1192;3948;1272;2306;487;2995;2230;1636;1954;3018;3741;3524;2721;1736;1473;2269;3299;2767;3734;2031;2356;1110;1622;2621;1036;2499;1394;1769;3212;2704;3967;1577;439;834;3813;2299;2893;674;3848;491;3868;1669;2358;3664;1408;3887;4237;1812;1101;2078;3253;1487;1655;3213;3059;3669;2820;1673;3003;3213;3549;2959;1324;3189;2144;1804;1187;1637;746;3478;2127;3446;2556;3719;3516;1872;2393;2349;686;2602;3307;1561;2190;1920;2181;2875;282;585;2650;3512;1054;1922;435;1508;3846;2496;2972;1583;2150;1990;3538;1751;3566;1888;1191;1524;2129;2247;1149;2642;837;3310;906;3329;1412;2887;3278;787;1436;961;2486;734;1360;834;1850;2129;2338;1587;3717;3159;2724;3641;1342;2088;4004;3838;3724;527
246;1965;116;1326;2131;3247;991;1567;1237;1626;3285;1156;1527;1908;1858;2047;2065;261;1123;2686;496;3577;1527;3335;3802;0;991;2978;355;3378;1883;196;380;625;1599;2598;2026;1504;2024;361;1846;1214;2038;234;1535;1040;909;916;3670;3475;1631;1946;922;3471;2816;368;2706;1592;3696;1814;3480;3802;1536;2680;761;2897;1778;3659;1029;1719;2169;2103;1045;1059;447;1112;3471;3385;2007;1043;1565;759;2148;1698;2743;2393;1276;3070;1567;3017;2917;873;1647;597;3701;3683;3092;696;2102;978;3309;1007;3376;601;2948;1522;573;2589;1158;735;2003;2902;1863;548;3014;3145;1195;764;249;1016;2414;1002;610;797;1007;2624;802;1773;2969;2775;2679;3187;457;1849;1064;1350;583;616;3189;1416;1461;3119;1917;996;2387;1677;1986;2405;1329;3606;3301;1510;325;2783;2424;3697;2406;75;1370;830;2393;1679;2048;894;2788;410;2881;3204;2317;1740;1770;2663;1283;3537;609;2899;1042;2963;1175;1088;3445;2957;2931;1317;3071;2520;3227;2559;2587;1728;2260;713;929;1437;361;3119;1798;376;123;170;3276
453;988;1031;621;1342;2320;564;1014;653;648;2316;1269;605;929;1087;1083;1263;1193;1513;1706;499;2621;629;2348;2842;991;0;2016;1309;2440;917;929;738;1199;623;1633;1045;816;1033;1252;870;1702;1054;1171;767;1285;655;893;2691;2494;674;989;627;2480;1900;722;1732;602;2706;894;2530;2838;798;1696;1423;1908;1152;2673;784;739;1236;1368;834;1464;685;450;2525;2417;1096;725;812;983;1193;754;1761;1584;658;2079;653;2037;1972;864;869;1350;2739;2699;2106;1288;1213;529;2323;1501;2440;1278;1991;533;857;1599;1624;1418;1030;1912;877;472;2042;2191;1181;432;830;439;1431;758;518;1136;285;1634;756;1007;2029;1785;1708;2202;818;1118;1253;710;1148;715;2260;453;590;2168;1120;698;1397;686;1171;1510;1035;2633;2373;1064;679;1859;1476;2713;1545;1023;381;245;1403;696;1314;859;1836;726;1951;2218;1418;930;1094;1726;336;2546;476;1936;753;1984;427;1137;2454;1979;1947;385;2108;1632;2238;1609;1690;1106;1368;950;863;1034;801;2139;996;1163;1055;890;2321
463;1265;3035;2092;1900;1559;2091;2319;1870;1368;1193;3066;1708;1293;1937;933;1860;3202;3402;941;2507;1503;1459;915;1606;2978;2016;0;3315;1550;1372;2870;2649;3190;1529;1107;1203;1628;1069;3266;1350;3610;982;3118;1970;3150;2225;2410;1296;555;1564;1033;2479;777;1483;2646;1008;1434;1021;1173;1492;1559;1561;859;3414;425;2230;1166;2566;1279;1398;2044;2609;3367;2581;2165;530;410;999;2144;1527;2624;830;1281;912;1875;2200;603;1415;215;163;2743;1443;3360;724;1214;870;3275;945;2351;945;3436;1562;3281;64;1495;2632;641;3532;3169;1266;654;1157;2487;119;191;2927;2399;2772;2244;627;2556;2521;3074;1977;709;2666;1951;203;688;317;917;2824;2025;3098;2172;3143;2496;375;1701;1829;1319;1235;2171;783;1378;1825;698;2624;1324;1579;2471;2653;1427;561;1225;1687;2994;1642;2238;744;1441;2038;2398;209;2626;283;424;1525;1860;2132;1327;1698;846;2380;1140;2168;216;1828;2939;840;192;857;1818;1189;1582;782;428;576;2229;1560;2625;2712;2511;2701;270;1871;3044;3058;2847;1346
162;2258;280;1549;2336;3496;1346;1723;1591;1954;3563;1134;1801;2203;2066;2383;2276;118;984;2976;811;3842;1871;3633;4069;355;1309;3315;0;3631;2170;527;732;522;1896;2877;2322;1859;2337;125;2140;1018;2363;367;1760;984;1260;1246;3955;3803;1917;2283;1102;3783;3063;722;2991;1910;4003;2158;3742;4074;1890;2976;550;3216;1943;3953;1166;2047;2433;2289;1168;925;801;1350;3814;3720;2353;1393;1919;1065;2486;2037;3034;2598;1480;3381;1911;3346;3259;969;2001;370;4039;3974;3387;550;2451;1189;3605;839;3628;433;3287;1842;900;2903;979;873;2293;3209;2186;843;3347;3485;1216;1011;599;1251;2740;1146;858;763;1354;2932;937;1984;3313;3081;3012;3481;602;2045;1028;1552;507;962;3535;1710;1721;3383;2271;1346;2700;1990;2205;2754;1429;3886;3550;1638;672;3034;2765;3989;2632;372;1691;1119;2709;1979;2236;1228;3128;762;3227;3527;2562;1967;1952;2922;1618;3848;961;3174;1390;3292;1526;1106;3752;3287;3226;1603;3344;2756;3531;2899;2936;1895;2502;1023;1031;1559;706;3447;2019;570;257;518;3543
20;1473;3382;2087;1369;150;2830;2032;2706;1968;364;2894;1854;1532;1607;1771;1404;3516;3276;842;2892;267;2222;700;482;3378;2440;1550;3631;0;1528;3357;3178;3293;1823;834;1428;2575;1538;3537;1583;3478;1639;3586;1879;3040;2968;3210;584;1363;1766;1855;2547;992;573;3160;783;1921;962;2048;163;515;2495;902;3486;1147;1830;720;2535;1889;1210;1475;2555;3269;3126;2281;1820;1543;2010;2955;2467;3368;1775;2035;813;1142;2167;948;2171;1337;1702;2752;2413;3512;1734;694;681;3353;2064;2447;651;3377;15;3412;1607;1988;3282;1169;3412;3852;1424;928;1743;2831;1436;1651;2739;2624;3260;2380;1434;2544;2779;3085;2585;1071;2735;1680;1752;966;1486;637;3034;1656;2974;2100;3264;3135;1879;1988;1917;294;2352;2958;1275;1821;1455;2005;2402;474;105;2175;3099;597;1728;701;1035;3425;2115;2551;1308;1763;1512;3184;1646;3166;1815;1192;1071;1673;1774;716;2273;981;2915;551;2986;1336;2533;2806;881;1360;736;2072;405;891;795;1687;1993;1864;1132;3347;2697;2250;3241;1319;1629;3601;3406;3311;205
280;108;1904;738;718;1413;1323;952;1240;519;1403;1708;378;89;623;651;645;2052;2061;806;1388;1705;795;1466;1926;1883;917;1372;2170;1528;0;1842;1655;1923;296;717;173;1183;332;2091;75;2271;486;2079;599;1807;1456;1702;1787;1738;253;647;1170;1642;1007;1639;823;428;1846;765;1613;1923;1111;810;2139;1124;896;1783;1226;480;353;831;1265;2033;1601;859;1900;1721;869;1461;1094;1847;756;663;864;863;844;1243;753;1314;1395;1423;1072;2121;2050;1805;1219;1999;995;1047;1436;2114;1528;2030;1373;483;1755;796;2195;2324;125;1063;411;1337;1353;1562;1564;1166;1744;953;749;1221;1314;1766;1062;796;1366;610;1465;934;1061;1312;1599;710;1751;808;1883;1607;1705;468;485;1252;1151;1457;605;334;568;1173;1254;1723;1465;1102;1587;959;977;1819;747;1924;593;1056;635;241;800;1675;1252;1642;1427;1440;572;506;795;819;760;1702;1388;1020;1493;1263;1034;1586;1598;1268;1057;568;1192;783;1372;1071;1305;884;543;1823;1383;1140;1717;1403;534;2079;1928;1800;1405
285;1917;312;1349;2155;3231;834;1630;1080;1537;3244;1309;1503;1858;1882;1946;2084;449;1306;2635;472;3545;1411;3274;3768;196;929;2870;527;3357;1842;0;223;812;1551;2559;1975;1350;1953;553;1799;1406;1952;249;1553;1206;738;724;3620;3379;1594;1842;988;3395;2804;224;2660;1518;3626;1698;3452;3765;1388;2624;957;2813;1833;3601;1117;1632;2147;2140;1141;1242;293;1129;3352;3279;1885;869;1419;562;2041;1592;2691;2414;1313;2997;1455;2920;2801;988;1503;793;3590;3627;3034;886;1973;1022;3251;1197;3356;795;2837;1447;379;2514;1348;607;1958;2833;1781;545;2912;3031;1331;790;100;1040;2325;1088;648;963;893;2556;902;1797;2849;2708;2577;3130;583;1883;1223;1387;766;437;3064;1374;1451;3090;1770;823;2314;1609;2001;2274;1428;3562;3284;1590;259;2767;2311;3642;2412;155;1298;811;2317;1625;2085;704;2675;250;2758;3115;2309;1753;1815;2641;1190;3463;491;2862;864;2867;1047;1229;3375;2860;2875;1285;3034;2517;3161;2446;2455;1783;2254;516;1040;1522;183;3023;1814;264;319;59;3245
433;1724;481;1221;2018;3056;615;1537;862;1325;3052;1343;1331;1665;1748;1728;1944;641;1400;2439;351;3359;1190;3071;3579;380;738;2649;732;3178;1655;223;0;925;1361;2371;1780;1131;1747;738;1608;1525;1740;469;1416;1263;529;561;3423;3162;1412;1624;918;3185;2633;30;2467;1313;3418;1477;3268;3575;1167;2425;1100;2601;1729;3399;1066;1420;1971;2016;1098;1337;71;1001;3130;3059;1663;664;1198;456;1822;1373;2493;2273;1201;2788;1235;2703;2579;977;1282;952;3369;3427;2833;1009;1750;925;3049;1311;3177;934;2616;1242;253;2305;1460;703;1768;2627;1570;435;2693;2810;1339;687;133;920;2111;1035;570;1029;674;2350;875;1663;2627;2502;2359;2930;616;1757;1269;1273;874;242;2841;1190;1291;2907;1549;617;2107;1406;1857;2051;1381;3368;3109;1519;167;2594;2090;3441;2257;366;1095;661;2107;1431;1960;535;2454;30;2536;2901;2144;1609;1700;2463;977;3253;277;2674;663;2650;825;1245;3167;2643;2675;1110;2846;2355;2956;2225;2232;1679;2090;407;1021;1457;63;2806;1672;425;496;215;3060
126;2023;513;1220;1949;3152;1450;1300;1674;1831;3269;615;1545;1974;1691;2268;1900;470;498;2716;782;3521;1823;3381;3751;625;1199;3190;522;3293;1923;812;925;0;1685;2594;2090;1918;2150;398;1910;600;2210;798;1421;462;1412;1486;3670;3635;1679;2179;760;3565;2720;900;2719;1756;3767;2093;3417;3762;1928;2730;224;3028;1520;3688;760;1915;2133;1881;745;435;973;1064;3710;3581;2295;1548;1952;1363;2382;1952;2776;2206;1131;3165;1851;3187;3159;543;2024;226;3908;3704;3132;92;2411;877;3347;387;3289;122;3172;1696;1164;2703;538;1334;2048;2986;2034;759;3204;3371;709;791;825;971;2581;750;681;251;1350;2715;564;1615;3219;2856;2876;3222;388;1654;507;1194;54;1162;3454;1502;1442;3066;2290;1500;2502;1817;1840;2709;965;3592;3205;1190;782;2699;2666;3718;2267;693;1553;961;2520;1773;1831;1459;3020;953;3145;3345;2227;1622;1547;2604;1535;3625;1036;2879;1555;3134;1536;601;3520;3133;2971;1385;3044;2403;3293;2796;2889;1476;2164;1314;600;1109;936;3285;1664;986;517;767;3227
200;367;1626;581;885;1707;1040;900;981;341;1693;1544;204;309;703;669;803;1779;1874;1087;1103;1999;587;1738;2219;1599;623;1529;1896;1823;296;1551;1361;1685;0;1010;427;968;467;1823;248;2081;555;1790;526;1622;1170;1418;2072;1950;102;618;952;1892;1297;1345;1110;214;2107;659;1909;2215;904;1082;1906;1343;915;2060;1038;359;634;965;1083;1839;1305;637;2057;1906;819;1184;894;1556;788;519;1144;1080;687;1490;558;1506;1523;1215;892;1872;2235;2084;1493;1766;954;825;1711;1909;1824;1785;1518;236;1459;1020;2004;2029;408;1315;398;1056;1530;1716;1411;906;1452;720;905;1027;1047;1550;772;1039;1143;655;1589;1186;1212;1588;1342;774;1571;675;1641;1312;1830;187;323;1548;1032;1177;817;182;712;1192;1133;2011;1760;1029;1297;1252;1055;2098;996;1637;307;778;835;89;921;1389;1379;1347;1533;1660;839;544;821;1113;482;1955;1093;1313;1216;1453;761;1415;1857;1454;1332;301;1485;1054;1635;1171;1349;887;799;1530;1184;1047;1423;1602;599;1785;1650;1510;1699
207;648;2615;1375;869;741;1997;1441;1872;1133;687;2290;1076;708;1003;970;855;2760;2663;178;2104;990;1389;802;1209;2598;1633;1107;2877;834;717;2559;2371;2594;1010;0;598;1749;706;2793;763;2873;820;2796;1184;2414;2136;2376;1080;1253;967;1042;1834;1040;434;2355;138;1090;1201;1230;903;1206;1669;250;2802;706;1287;1095;1857;1055;466;1012;1888;2645;2315;1540;1567;1321;1220;2120;1643;2539;998;1205;229;783;1471;690;1338;948;1210;2069;1593;2802;1622;1110;556;2664;1296;1720;762;2739;837;2707;1141;1158;2460;498;2801;3032;603;522;911;2051;1030;1276;2136;1867;2461;1638;707;1860;2019;2413;1757;407;2030;1051;1279;431;894;637;2295;1080;2352;1415;2558;2312;1482;1186;1161;546;1562;2124;502;990;857;1310;1800;1009;788;1598;2304;372;1033;1124;596;2640;1290;1769;547;941;1022;2351;1100;2357;1296;962;469;1001;1202;235;1443;1086;2102;303;2152;915;1699;2182;969;932;408;1281;475;476;743;1041;1354;1303;523;2518;2021;1660;2432;999;980;2795;2639;2517;692
450;67;2052;911;809;1323;1402;1117;1291;550;1272;1882;546;119;761;553;744;2204;2234;661;1530;1587;820;1311;1803;2026;1045;1203;2322;1428;173;1975;1780;2090;427;598;0;1199;210;2246;182;2444;377;2216;770;1981;1540;1783;1646;1565;411;575;1339;1476;941;1766;687;494;1685;727;1501;1796;1122;655;2307;951;1045;1633;1399;484;350;936;1438;2205;1723;1027;1730;1548;794;1530;1101;1941;642;656;717;909;1018;1075;772;1141;1232;1594;1066;2285;1877;1657;1066;2167;909;1215;1284;2286;1430;2195;1206;560;1863;623;2368;2435;69;897;367;1483;1181;1393;1738;1324;1875;1119;584;1394;1469;1936;1159;626;1535;760;1302;767;895;1161;1759;849;1925;981;2048;1715;1542;612;657;1143;1104;1532;432;393;680;1053;1425;1588;1373;1269;1723;888;835;1671;765;2064;693;1204;463;350;912;1757;1090;1765;1270;1267;574;662;945;739;846;1537;1509;899;1562;1090;1106;1760;1435;1095;905;720;1071;765;1211;919;1171;1037;563;1921;1555;1309;1841;1230;681;2205;2077;1935;1290
3;1180;1592;1349;1853;2489;517;1745;270;664;2344;2080;1116;1131;1661;826;1772;1759;2297;1739;1137;2685;389;2255;2877;1504;816;1628;1859;2575;1183;1350;1131;1918;968;1749;1199;0;1044;1847;1109;2473;937;1585;1413;2083;629;785;2649;2175;1069;730;1443;2286;2135;1138;1793;768;2536;534;2617;2855;80;1691;2131;1699;1827;2582;1599;716;1528;1931;1650;2243;1061;1237;2059;2034;645;525;110;1004;868;546;1777;2037;1419;1924;431;1732;1527;1671;187;2019;2321;2619;2053;2010;684;1344;2250;2263;2579;1971;1583;733;1044;1476;2398;1549;1232;1800;843;1163;1697;1764;1997;1229;1264;1247;1222;1573;1270;1909;578;1554;1558;1602;1564;1697;1383;2148;1533;1723;2057;1451;1865;927;1757;946;1187;2281;426;560;1317;851;1680;963;1836;2622;2536;1829;1196;2079;1078;2633;1930;1497;714;1043;1294;967;1885;776;1421;1102;1463;1956;1753;1496;1745;1928;566;2359;907;2024;546;1684;396;1949;2298;1670;1916;988;2183;1957;2120;1205;1137;1790;1726;1010;1675;1813;1168;1834;1557;1471;1610;1345;2408
127;242;2062;1024;1018;1447;1310;1278;1169;441;1339;1997;639;244;953;343;952;2220;2336;719;1531;1670;684;1324;1876;2024;1033;1069;2337;1538;332;1953;1747;2150;467;706;210;1044;0;2271;291;2544;166;2199;915;2083;1451;1686;1687;1485;496;372;1418;1447;1096;1736;764;435;1674;540;1593;1862;965;689;2371;882;1228;1654;1498;354;555;1143;1541;2302;1685;1103;1599;1440;587;1424;940;1860;433;498;766;1117;1132;1046;633;1040;1076;1680;895;2333;1769;1683;1090;2231;699;1291;1304;2375;1542;2248;1063;506;1802;566;2467;2373;275;880;205;1494;1064;1258;1859;1366;1853;1187;442;1489;1501;2016;1095;603;1609;942;1145;755;753;1188;1800;1040;2030;1106;2105;1655;1387;648;761;1246;907;1432;364;347;884;847;1562;1641;1495;1424;1710;1038;644;1697;968;2055;656;1223;373;378;1117;1662;933;1729;1101;1197;775;838;1128;887;778;1513;1471;992;1455;987;1011;1871;1422;988;936;765;1157;955;1208;742;973;1216;769;1845;1647;1457;1807;1136;866;2169;2086;1918;1381
244;2182;258;1451;2231;3401;1340;1610;1583;1900;3478;1009;1719;2128;1962;2333;2173;106;868;2897;761;3751;1834;3557;3980;361;1252;3266;125;3537;2091;553;738;398;1823;2793;2246;1847;2271;0;2064;915;2305;444;1662;860;1266;1276;3872;3745;1839;2235;998;3714;2967;723;2909;1850;3931;2119;3651;3986;1874;2900;446;3153;1831;3874;1053;1992;2345;2180;1053;808;802;1259;3770;3669;2317;1402;1902;1110;2440;1992;2955;2492;1379;3312;1871;3289;3216;852;1981;266;3990;3895;3310;431;2419;1091;3527;727;3534;315;3240;1783;932;2837;871;971;2215;3138;2127;781;3294;3439;1091;926;609;1160;2682;1035;778;638;1322;2862;827;1881;3271;3009;2960;3403;503;1938;903;1450;382;976;3496;1636;1633;3293;2252;1354;2633;1926;2103;2722;1309;3801;3454;1521;651;2940;2720;3909;2531;401;1632;1048;2644;1908;2127;1255;3082;768;3187;3465;2467;1869;1843;2831;1570;3778;941;3088;1401;3236;1499;981;3680;3232;3148;1527;3257;2658;3457;2854;2904;1783;2406;1066;914;1442;722;3390;1919;647;242;531;3453
99;119;1871;745;789;1471;1258;988;1169;445;1445;1719;369;64;681;592;715;2022;2066;839;1351;1753;720;1493;1972;1846;870;1350;2140;1583;75;1799;1608;1910;248;763;182;1109;291;2064;0;2275;433;2038;625;1812;1393;1638;1824;1736;231;580;1162;1657;1071;1592;862;357;1867;692;1664;1968;1036;836;2128;1124;945;1814;1228;405;424;899;1269;2035;1551;849;1880;1710;802;1394;1019;1787;700;588;896;938;853;1256;678;1304;1365;1420;997;2103;2039;1837;1247;1988;929;1037;1465;2113;1584;2014;1348;415;1699;797;2199;2270;160;1078;342;1302;1338;1540;1578;1142;1700;939;724;1222;1287;1760;1002;806;1357;661;1434;949;1036;1342;1577;766;1757;822;1868;1552;1676;431;485;1304;1079;1391;599;261;635;1118;1275;1763;1523;1134;1546;1022;932;1851;822;1885;533;1022;624;179;866;1611;1222;1593;1391;1441;646;553;845;879;696;1718;1338;1067;1426;1252;967;1595;1617;1256;1086;538;1239;855;1393;1032;1255;930;617;1764;1382;1167;1669;1396;588;2032;1896;1758;1454
248;2378;1099;1533;2109;3330;2029;1452;2241;2289;3514;587;1908;2337;1890;2717;2080;1013;211;3017;1353;3725;2329;3675;3954;1214;1702;3610;1018;3478;2271;1406;1525;600;2081;2873;2444;2473;2544;915;2275;0;2632;1356;1698;464;2001;2086;3920;4009;2051;2639;1135;3891;2914;1500;3007;2195;4072;2581;3618;3974;2474;3045;470;3395;1648;3961;1047;2364;2409;2007;1007;243;1571;1445;4138;3983;2782;2137;2495;1962;2836;2432;3077;2342;1428;3502;2350;3579;3599;870;2560;650;4312;3970;3428;520;2906;1262;3635;215;3471;616;3599;2145;1764;3068;78;1886;2392;3319;2463;1314;3608;3797;742;1271;1424;1372;2986;1055;1204;567;1896;3063;959;1829;3663;3192;3293;3511;953;1829;523;1471;651;1760;3903;1912;1790;3287;2819;2089;2874;2238;2044;3195;1081;3831;3381;1303;1379;2906;3117;3984;2446;1277;2016;1457;2899;2169;1966;2058;3456;1553;3599;3711;2452;1872;1708;2836;2034;3945;1619;3134;2146;3527;2081;692;3833;3529;3272;1796;3286;2595;3605;3241;3370;1615;2389;1913;898;1231;1536;3671;1896;1556;1098;1364;3445
347;405;2084;1133;1183;1558;1258;1415;1092;414;1412;2099;748;398;1109;177;1116;2247;2426;802;1552;1751;607;1357;1948;2038;1054;982;2363;1639;486;1952;1740;2210;555;820;377;937;166;2305;433;2632;0;2200;1045;2175;1399;1625;1737;1441;608;223;1499;1446;1229;1731;856;457;1683;410;1680;1929;857;757;2434;861;1378;1688;1592;320;719;1307;1637;2389;1675;1187;1507;1372;426;1358;829;1812;270;409;841;1282;1240;1053;555;985;968;1764;775;2384;1698;1721;1137;2295;534;1371;1344;2456;1644;2304;967;522;1771;574;2554;2337;440;902;178;1524;994;1166;1966;1420;1852;1263;377;1581;1546;2093;1072;635;1685;1094;1034;785;666;1233;1848;1196;2125;1222;2164;1625;1275;720;871;1345;756;1371;390;396;1047;687;1681;1700;1604;1557;1718;1170;506;1735;1130;2063;673;1264;377;471;1280;1604;825;1719;979;1166;937;987;1278;1019;762;1515;1463;1088;1388;931;963;1970;1434;928;991;837;1246;1110;1232;617;822;1363;933;1800;1735;1584;1797;1085;1019;2155;2108;1921;1471
